# Created by Octave 5.2.0, Thu Oct 22 20:33:43 2020 GMT <unknown@VladutMargineanu>
# name: mat
# type: matrix
# rows: 10
# columns: 10
 0.4690669630678867 0.37869749231436362 0.56950699330785415 0.89029428234540731 0.089247185089254374 0.82024676446113198 0.50231769092354672 0.45054816659675362 0.33881387231284271 0.36105846000954428
 0.7475500083788339 0.023328007587636802 0.24604572147894871 0.6634071197875383 0.032173807559012599 0.79094372144235958 0.5910118129093298 0.37469335654214647 0.68399597291666392 0.35771463455401004
 0.99803087679242275 0.87661067291001116 0.23225376986111662 0.547750228513885 0.83582535382110801 0.23803269250105369 0.93112080052670199 0.15259796976838619 0.85205882390802168 0.73439862446642945
 0.40066158558065074 0.78335705635665864 0.7839427537530852 0.3673703238499248 0.5693697177279966 0.91844205489324715 0.25754501899732513 0.15273512793378069 0.51515912270314002 0.60993935177185354
 0.30935524919704444 0.70688053854801225 0.79163689923752367 0.66906035046730139 0.049017817576347975 0.090987898355949823 0.86941438100382185 0.61063501690751554 0.60199878982848765 0.94569947777623742
 0.43225187846245711 0.70594638184885761 0.80257165753031623 0.048207725628888906 0.34329514881248197 0.88218599183453739 0.51095742338705319 0.55762107871359379 0.33589160716952254 0.31082027060741119
 0.24496705389385914 0.36021678071672975 0.26956777625673439 0.58530895370945868 0.11398263571987115 0.90571173752590128 0.40584619495697011 0.66675044466566313 0.18586154327751675 0.90892486412405737
 0.09424353944935486 0.80880823815781822 0.20815028931887131 0.037230207438553806 0.0044075942982120695 0.23831229191673048 0.64094371901578007 0.15974809179019639 0.30375210607408348 0.82822064416210106
 0.99354340206761116 0.10091487110340118 0.59625315368039822 0.90855341577840443 0.22428651508446035 0.97023517348663746 0.64863764732321572 0.71904759273714258 0.48750424794787256 0.59284280016306257
 0.82963530812133601 0.71210814368906739 0.08630633968154526 0.6550267823344198 0.85363324069063895 0.65322547340506676 0.40800964711028237 0.70403396647763627 0.73285466679575773 0.75089363481517413


