# Created by Octave 5.2.0, Wed Oct 07 09:05:00 2020 GMT <unknown@DESKTOP-8R4E0C2>
# name: v1
# type: range
# base, limit, increment
1 3 1


# name: v2
# type: matrix
# rows: 1
# columns: 3
 1 2 3


